function cmap = vik(n)
% VIK - colormap from https://www.fabiocrameri.ch/colourmaps/
%
%   Usage:
%      cmap = vik(n)

J=[...
	    0.0027    0.0696    0.3790
    0.0035    0.0763    0.3831
    0.0041    0.0830    0.3871
    0.0048    0.0896    0.3912
    0.0053    0.0960    0.3953
    0.0058    0.1023    0.3993
    0.0062    0.1086    0.4033
    0.0066    0.1148    0.4074
    0.0069    0.1210    0.4114
    0.0071    0.1272    0.4153
    0.0074    0.1333    0.4193
    0.0075    0.1394    0.4233
    0.0077    0.1455    0.4272
    0.0078    0.1515    0.4312
    0.0080    0.1575    0.4351
    0.0081    0.1635    0.4390
    0.0081    0.1695    0.4429
    0.0082    0.1755    0.4468
    0.0082    0.1815    0.4507
    0.0083    0.1875    0.4545
    0.0083    0.1935    0.4584
    0.0084    0.1995    0.4623
    0.0084    0.2055    0.4662
    0.0084    0.2116    0.4701
    0.0084    0.2176    0.4739
    0.0085    0.2236    0.4778
    0.0085    0.2297    0.4817
    0.0085    0.2358    0.4856
    0.0086    0.2419    0.4895
    0.0087    0.2480    0.4935
    0.0088    0.2542    0.4974
    0.0089    0.2603    0.5014
    0.0091    0.2665    0.5053
    0.0093    0.2728    0.5093
    0.0096    0.2790    0.5133
    0.0100    0.2853    0.5174
    0.0104    0.2916    0.5214
    0.0112    0.2980    0.5255
    0.0122    0.3043    0.5296
    0.0132    0.3108    0.5337
    0.0145    0.3172    0.5379
    0.0161    0.3238    0.5421
    0.0180    0.3303    0.5463
    0.0204    0.3369    0.5506
    0.0233    0.3436    0.5549
    0.0268    0.3503    0.5592
    0.0310    0.3571    0.5637
    0.0361    0.3639    0.5681
    0.0419    0.3708    0.5726
    0.0481    0.3777    0.5772
    0.0548    0.3848    0.5818
    0.0620    0.3919    0.5865
    0.0696    0.3990    0.5912
    0.0773    0.4063    0.5960
    0.0855    0.4136    0.6009
    0.0942    0.4209    0.6058
    0.1031    0.4284    0.6108
    0.1123    0.4359    0.6158
    0.1217    0.4434    0.6209
    0.1315    0.4511    0.6260
    0.1415    0.4588    0.6312
    0.1517    0.4665    0.6364
    0.1623    0.4743    0.6417
    0.1730    0.4821    0.6470
    0.1839    0.4900    0.6523
    0.1950    0.4980    0.6577
    0.2063    0.5059    0.6631
    0.2177    0.5139    0.6685
    0.2293    0.5219    0.6740
    0.2410    0.5299    0.6794
    0.2528    0.5380    0.6849
    0.2647    0.5460    0.6904
    0.2768    0.5540    0.6959
    0.2889    0.5621    0.7013
    0.3011    0.5701    0.7068
    0.3134    0.5782    0.7123
    0.3257    0.5862    0.7178
    0.3381    0.5942    0.7232
    0.3505    0.6022    0.7287
    0.3629    0.6102    0.7341
    0.3754    0.6182    0.7396
    0.3879    0.6262    0.7450
    0.4005    0.6341    0.7504
    0.4130    0.6420    0.7558
    0.4256    0.6499    0.7612
    0.4381    0.6578    0.7666
    0.4507    0.6657    0.7719
    0.4633    0.6735    0.7773
    0.4758    0.6813    0.7826
    0.4884    0.6891    0.7879
    0.5010    0.6969    0.7932
    0.5135    0.7046    0.7985
    0.5261    0.7124    0.8038
    0.5386    0.7201    0.8090
    0.5512    0.7278    0.8143
    0.5637    0.7355    0.8195
    0.5762    0.7431    0.8248
    0.5887    0.7508    0.8300
    0.6012    0.7584    0.8352
    0.6137    0.7661    0.8404
    0.6262    0.7737    0.8456
    0.6387    0.7813    0.8507
    0.6512    0.7888    0.8559
    0.6637    0.7964    0.8610
    0.6761    0.8039    0.8661
    0.6886    0.8114    0.8712
    0.7010    0.8189    0.8763
    0.7134    0.8264    0.8813
    0.7258    0.8338    0.8862
    0.7381    0.8412    0.8910
    0.7504    0.8485    0.8958
    0.7627    0.8557    0.9004
    0.7748    0.8628    0.9049
    0.7869    0.8698    0.9091
    0.7988    0.8766    0.9132
    0.8106    0.8832    0.9169
    0.8221    0.8896    0.9203
    0.8334    0.8957    0.9233
    0.8444    0.9014    0.9259
    0.8550    0.9068    0.9279
    0.8652    0.9118    0.9293
    0.8748    0.9162    0.9301
    0.8840    0.9202    0.9302
    0.8924    0.9235    0.9296
    0.9002    0.9262    0.9281
    0.9072    0.9282    0.9258
    0.9134    0.9295    0.9227
    0.9187    0.9301    0.9187
    0.9232    0.9300    0.9139
    0.9269    0.9291    0.9083
    0.9296    0.9276    0.9019
    0.9315    0.9253    0.8947
    0.9326    0.9225    0.8869
    0.9330    0.9190    0.8784
    0.9326    0.9150    0.8694
    0.9315    0.9106    0.8599
    0.9299    0.9057    0.8500
    0.9277    0.9004    0.8397
    0.9251    0.8948    0.8291
    0.9221    0.8889    0.8183
    0.9187    0.8828    0.8073
    0.9150    0.8765    0.7962
    0.9112    0.8700    0.7849
    0.9071    0.8635    0.7736
    0.9029    0.8568    0.7622
    0.8985    0.8501    0.7508
    0.8941    0.8433    0.7393
    0.8896    0.8366    0.7279
    0.8851    0.8297    0.7164
    0.8805    0.8229    0.7050
    0.8759    0.8161    0.6936
    0.8713    0.8093    0.6821
    0.8666    0.8024    0.6708
    0.8620    0.7956    0.6594
    0.8574    0.7888    0.6481
    0.8528    0.7820    0.6368
    0.8482    0.7753    0.6255
    0.8436    0.7685    0.6142
    0.8390    0.7617    0.6030
    0.8344    0.7550    0.5918
    0.8298    0.7483    0.5807
    0.8253    0.7416    0.5695
    0.8207    0.7349    0.5584
    0.8162    0.7282    0.5473
    0.8116    0.7216    0.5363
    0.8071    0.7149    0.5252
    0.8026    0.7083    0.5142
    0.7980    0.7017    0.5032
    0.7935    0.6950    0.4923
    0.7890    0.6884    0.4813
    0.7846    0.6818    0.4704
    0.7801    0.6753    0.4595
    0.7756    0.6687    0.4487
    0.7711    0.6621    0.4378
    0.7666    0.6555    0.4270
    0.7621    0.6490    0.4161
    0.7577    0.6424    0.4053
    0.7532    0.6358    0.3946
    0.7487    0.6293    0.3838
    0.7442    0.6227    0.3730
    0.7397    0.6161    0.3623
    0.7352    0.6095    0.3515
    0.7307    0.6029    0.3408
    0.7262    0.5962    0.3300
    0.7216    0.5896    0.3193
    0.7171    0.5829    0.3086
    0.7124    0.5762    0.2978
    0.7078    0.5694    0.2871
    0.7032    0.5626    0.2764
    0.6985    0.5557    0.2656
    0.6937    0.5487    0.2549
    0.6889    0.5417    0.2442
    0.6841    0.5347    0.2334
    0.6792    0.5275    0.2228
    0.6743    0.5203    0.2121
    0.6693    0.5130    0.2014
    0.6642    0.5056    0.1908
    0.6591    0.4982    0.1802
    0.6540    0.4906    0.1698
    0.6488    0.4830    0.1593
    0.6435    0.4753    0.1490
    0.6382    0.4675    0.1388
    0.6329    0.4596    0.1288
    0.6275    0.4517    0.1189
    0.6221    0.4438    0.1092
    0.6167    0.4358    0.0996
    0.6113    0.4278    0.0903
    0.6058    0.4198    0.0813
    0.6005    0.4118    0.0724
    0.5951    0.4038    0.0639
    0.5898    0.3958    0.0557
    0.5845    0.3879    0.0477
    0.5792    0.3801    0.0402
    0.5740    0.3722    0.0331
    0.5689    0.3645    0.0272
    0.5638    0.3568    0.0222
    0.5588    0.3492    0.0180
    0.5539    0.3417    0.0146
    0.5490    0.3342    0.0117
    0.5441    0.3268    0.0093
    0.5393    0.3194    0.0074
    0.5346    0.3121    0.0059
    0.5299    0.3049    0.0048
    0.5252    0.2978    0.0040
    0.5206    0.2906    0.0034
    0.5160    0.2836    0.0030
    0.5114    0.2765    0.0027
    0.5068    0.2695    0.0026
    0.5023    0.2625    0.0027
    0.4978    0.2556    0.0028
    0.4932    0.2486    0.0030
    0.4887    0.2417    0.0033
    0.4842    0.2348    0.0037
    0.4797    0.2279    0.0040
    0.4752    0.2211    0.0043
    0.4707    0.2142    0.0045
    0.4662    0.2074    0.0047
    0.4617    0.2005    0.0048
    0.4572    0.1937    0.0049
    0.4527    0.1868    0.0049
    0.4482    0.1800    0.0049
    0.4437    0.1732    0.0049
    0.4391    0.1663    0.0049
    0.4346    0.1594    0.0048
    0.4300    0.1526    0.0047
    0.4255    0.1457    0.0046
    0.4209    0.1387    0.0044
    0.4163    0.1318    0.0042
    0.4117    0.1247    0.0040
    0.4071    0.1176    0.0038
    0.4024    0.1104    0.0035
    0.3978    0.1031    0.0032
    0.3931    0.0956    0.0029
