function list = supportedcostfunctions(),

	list = [101:105 201 501:508 510 601:604];
